    WAVE        YPOS          DISPERSION  SLIT WIDTH RESOLUTION
    (nm)        (mm)          (nm/pix)    (pix)
115.0000	-26.354	0.0283	2.0000	2031.80212
116.0000	-26.000	0.0283	2.0000	2049.469965
117.0000	-25.646	0.0283	2.0000	2067.137809
118.0000	-25.292	0.0283	2.0000	2084.805654
119.0000	-24.939	0.0283	2.0000	2102.473498
120.0000	-24.585	0.0283	2.0000	2120.141343
121.0000	-24.231	0.0283	2.0000	2137.809187
122.0000	-23.878	0.0283	2.0000	2155.477032
123.0000	-23.524	0.0283	2.0000	2173.144876
124.0000	-23.171	0.0283	2.0000	2190.812721
125.0000	-22.817	0.0283	2.0000	2208.480565
126.0000	-22.464	0.0283	2.0000	2226.14841
127.0000	-22.111	0.0283	2.0000	2243.816254
128.0000	-21.758	0.0283	2.0000	2261.484099
129.0000	-21.405	0.0283	2.0000	2279.151943
130.0000	-21.052	0.0283	2.0000	2296.819788
131.0000	-20.699	0.0283	2.0000	2314.487633
132.0000	-20.346	0.0283	2.0000	2332.155477
133.0000	-19.993	0.0284	2.0000	2341.549296
134.0000	-19.640	0.0284	2.0000	2359.15493
135.0000	-19.288	0.0284	2.0000	2376.760563
136.0000	-18.935	0.0284	2.0000	2394.366197
137.0000	-18.583	0.0284	2.0000	2411.971831
138.0000	-18.230	0.0284	2.0000	2429.577465
139.0000	-17.878	0.0284	2.0000	2447.183099
140.0000	-17.526	0.0284	2.0000	2464.788732
141.0000	-17.174	0.0284	2.0000	2482.394366
142.0000	-16.821	0.0284	2.0000	2500
143.0000	-16.469	0.0284	2.0000	2517.605634
144.0000	-16.117	0.0284	2.0000	2535.211268
145.0000	-15.766	0.0284	2.0000	2552.816901
146.0000	-15.414	0.0284	2.0000	2570.422535
147.0000	-15.062	0.0284	2.0000	2588.028169
148.0000	-14.710	0.0284	2.0000	2605.633803
149.0000	-14.359	0.0285	2.0000	2614.035088
150.0000	-14.007	0.0285	2.0000	2631.578947
151.0000	-13.656	0.0285	2.0000	2649.122807
152.0000	-13.305	0.0285	2.0000	2666.666667
153.0000	-12.953	0.0285	2.0000	2684.210526
154.0000	-12.602	0.0285	2.0000	2701.754386
155.0000	-12.251	0.0285	2.0000	2719.298246
156.0000	-11.900	0.0285	2.0000	2736.842105
157.0000	-11.549	0.0285	2.0000	2754.385965
158.0000	-11.198	0.0285	2.0000	2771.929825
159.0000	-10.847	0.0285	2.0000	2789.473684
160.0000	-10.497	0.0285	2.0000	2807.017544
161.0000	-10.146	0.0285	2.0000	2824.561404
162.0000	-9.796	0.0285	2.0000	2842.105263
163.0000	-9.445	0.0285	2.0000	2859.649123
164.0000	-9.095	0.0285	2.0000	2877.192982
165.0000	-8.745	0.0286	2.0000	2884.615385
166.0000	-8.394	0.0286	2.0000	2902.097902
167.0000	-8.044	0.0286	2.0000	2919.58042
168.0000	-7.694	0.0286	2.0000	2937.062937
169.0000	-7.344	0.0286	2.0000	2954.545455
170.0000	-6.995	0.0286	2.0000	2972.027972
171.0000	-6.645	0.0286	2.0000	2989.51049
172.0000	-6.295	0.0286	2.0000	3006.993007
173.0000	-5.946	0.0286	2.0000	3024.475524
174.0000	-5.596	0.0286	2.0000	3041.958042
175.0000	-5.247	0.0286	2.0000	3059.440559
176.0000	-4.897	0.0286	2.0000	3076.923077
177.0000	-4.548	0.0286	2.0000	3094.405594
178.0000	-4.199	0.0287	2.0000	3101.045296
179.0000	-3.850	0.0287	2.0000	3118.466899
180.0000	-3.501	0.0287	2.0000	3135.888502
181.0000	-3.152	0.0287	2.0000	3153.310105
182.0000	-2.803	0.0287	2.0000	3170.731707
183.0000	-2.455	0.0287	2.0000	3188.15331
184.0000	-2.106	0.0287	2.0000	3205.574913
185.0000	-1.758	0.0287	2.0000	3222.996516
186.0000	-1.409	0.0287	2.0000	3240.418118
187.0000	-1.061	0.0287	2.0000	3257.839721
188.0000	-0.713	0.0287	2.0000	3275.261324
189.0000	-0.365	0.0287	2.0000	3292.682927
190.0000	-0.017	0.0287	2.0000	3310.10453
191.0000	0.331	0.0288	2.0000	3315.972222
192.0000	0.679	0.0288	2.0000	3333.333333
193.0000	1.027	0.0288	2.0000	3350.694444
194.0000	1.374	0.0288	2.0000	3368.055556
195.0000	1.722	0.0288	2.0000	3385.416667
196.0000	2.069	0.0288	2.0000	3402.777778
197.0000	2.417	0.0288	2.0000	3420.138889
198.0000	2.764	0.0288	2.0000	3437.5
199.0000	3.111	0.0288	2.0000	3454.861111
200.0000	3.458	0.0288	2.0000	3472.222222
201.0000	3.805	0.0288	2.0000	3489.583333
202.0000	4.152	0.0288	2.0000	3506.944444
203.0000	4.499	0.0288	2.0000	3524.305556
204.0000	4.845	0.0289	2.0000	3529.411765
205.0000	5.192	0.0289	2.0000	3546.712803
206.0000	5.538	0.0289	2.0000	3564.013841
207.0000	5.885	0.0289	2.0000	3581.314879
208.0000	6.231	0.0289	2.0000	3598.615917
209.0000	6.577	0.0289	2.0000	3615.916955
210.0000	6.923	0.0289	2.0000	3633.217993
211.0000	7.269	0.0289	2.0000	3650.519031
212.0000	7.615	0.0289	2.0000	3667.820069
213.0000	7.960	0.0289	2.0000	3685.121107
214.0000	8.306	0.0289	2.0000	3702.422145
215.0000	8.651	0.029	2.0000	3706.896552
216.0000	8.997	0.029	2.0000	3724.137931
217.0000	9.342	0.029	2.0000	3741.37931
218.0000	9.687	0.029	2.0000	3758.62069
219.0000	10.032	0.029	2.0000	3775.862069
220.0000	10.377	0.029	2.0000	3793.103448
221.0000	10.722	0.029	2.0000	3810.344828
222.0000	11.067	0.029	2.0000	3827.586207
223.0000	11.411	0.029	2.0000	3844.827586
224.0000	11.756	0.029	2.0000	3862.068966
225.0000	12.100	0.029	2.0000	3879.310345
226.0000	12.445	0.0291	2.0000	3883.161512
227.0000	12.789	0.0291	2.0000	3900.343643
228.0000	13.133	0.0291	2.0000	3917.525773
229.0000	13.477	0.0291	2.0000	3934.707904
230.0000	13.821	0.0291	2.0000	3951.890034
231.0000	14.164	0.0291	2.0000	3969.072165
232.0000	14.508	0.0291	2.0000	3986.254296
233.0000	14.851	0.0291	2.0000	4003.436426
234.0000	15.195	0.0291	2.0000	4020.618557
235.0000	15.538	0.0291	2.0000	4037.800687
236.0000	15.881	0.0292	2.0000	4041.09589
237.0000	16.224	0.0292	2.0000	4058.219178
238.0000	16.567	0.0292	2.0000	4075.342466
239.0000	16.910	0.0292	2.0000	4092.465753
240.0000	17.252	0.0292	2.0000	4109.589041
241.0000	17.595	0.0292	2.0000	4126.712329
242.0000	17.937	0.0292	2.0000	4143.835616
243.0000	18.280	0.0292	2.0000	4160.958904
244.0000	18.622	0.0292	2.0000	4178.082192
245.0000	18.964	0.0292	2.0000	4195.205479
246.0000	19.306	0.0293	2.0000	4197.952218
247.0000	19.648	0.0293	2.0000	4215.017065
248.0000	19.989	0.0293	2.0000	4232.081911
249.0000	20.331	0.0293	2.0000	4249.146758
250.0000	20.672	0.0293	2.0000	4266.211604
251.0000	21.013	0.0293	2.0000	4283.276451
252.0000	21.355	0.0293	2.0000	4300.341297
253.0000	21.696	0.0293	2.0000	4317.406143
254.0000	22.037	0.0293	2.0000	4334.47099
255.0000	22.377	0.0294	2.0000	4336.734694
256.0000	22.718	0.0294	2.0000	4353.741497
257.0000	23.059	0.0294	2.0000	4370.748299
258.0000	23.399	0.0294	2.0000	4387.755102
259.0000	23.739	0.0294	2.0000	4404.761905
260.0000	24.079	0.0294	2.0000	4421.768707
261.0000	24.419	0.0294	2.0000	4438.77551
262.0000	24.759	0.0294	2.0000	4455.782313
263.0000	25.099	0.0294	2.0000	4472.789116
264.0000	25.438	0.0295	2.0000	4474.576271
265.0000	25.778	0.0295	2.0000	4491.525424
266.0000	26.117	0.0295	2.0000	4508.474576
267.0000	26.456	0.0295	2.0000	4525.423729
268.0000	26.795	0.0295	2.0000	4542.372881
269.0000	27.134	0.0295	2.0000	4559.322034
270.0000	27.473	0.0295	2.0000	4576.271186
271.0000	27.812	0.0295	2.0000	4593.220339
272.0000	28.150	0.0296	2.0000	4594.594595
273.0000	28.489	0.0296	2.0000	4611.486486
274.0000	28.827	0.0296	2.0000	4628.378378
275.0000	29.165	0.0296	2.0000	4645.27027
276.0000	29.503	0.0296	2.0000	4662.162162
277.0000	29.840	0.0296	2.0000	4679.054054
278.0000	30.178	0.0296	2.0000	4695.945946
279.0000	30.516	0.0296	2.0000	4712.837838
280.0000	30.853	0.0297	2.0000	4713.804714
281.0000	31.190	0.0297	2.0000	4730.639731
282.0000	31.527	0.0297	2.0000	4747.474747
283.0000	31.864	0.0297	2.0000	4764.309764
284.0000	32.201	0.0297	2.0000	4781.144781
285.0000	32.537	0.0297	2.0000	4797.979798
286.0000	32.874	0.0297	2.0000	4814.814815
287.0000	33.210	0.0297	2.0000	4831.649832
288.0000	33.546	0.0298	2.0000	4832.214765
289.0000	33.882	0.0298	2.0000	4848.993289
290.0000	34.218	0.0298	2.0000	4865.771812
291.0000	34.554	0.0298	2.0000	4882.550336
292.0000	34.889	0.0298	2.0000	4899.328859
293.0000	35.225	0.0298	2.0000	4916.107383
294.0000	35.560	0.0298	2.0000	4932.885906
295.0000	35.895	0.0299	2.0000	4933.110368
296.0000	36.230	0.0299	2.0000	4949.832776
297.0000	36.565	0.0299	2.0000	4966.555184
298.0000	36.899	0.0299	2.0000	4983.277592
299.0000	37.234	0.0299	2.0000	5000
300.0000	37.568	0.0299	2.0000	5016.722408
301.0000	37.902	0.0299	2.0000	5033.444816
302.0000	38.236	0.03	2.0000	5033.333333
303.0000	38.570	0.03	2.0000	5050
304.0000	38.904	0.03	2.0000	5066.666667
305.0000	39.237	0.03	2.0000	5083.333333
306.0000	39.570	0.03	2.0000	5100
307.0000	39.903	0.03	2.0000	5116.666667
308.0000	40.236	0.03	2.0000	5133.333333
309.0000	40.569	0.0301	2.0000	5132.890365
310.0000	40.902	0.0301	2.0000	5149.501661
311.0000	41.234	0.0301	2.0000	5166.112957
312.0000	41.567	0.0301	2.0000	5182.724252
313.0000	41.899	0.0301	2.0000	5199.335548
314.0000	42.231	0.0301	2.0000	5215.946844
315.0000	42.562	0.0302	2.0000	5215.231788
316.0000	42.894	0.0302	2.0000	5231.788079
317.0000	43.225	0.0302	2.0000	5248.344371
318.0000	43.557	0.0302	2.0000	5264.900662
319.0000	43.888	0.0302	2.0000	5281.456954
320.0000	44.219	0.0302	2.0000	5298.013245
321.0000	44.549	0.0303	2.0000	5297.029703
322.0000	44.880	0.0303	2.0000	5313.531353
323.0000	45.210	0.0303	2.0000	5330.033003
324.0000	45.540	0.0303	2.0000	5346.534653
325.0000	45.870	0.0303	2.0000	5363.036304
326.0000	46.200	0.0303	2.0000	5379.537954
327.0000	46.530	0.0304	2.0000	5378.289474
328.0000	46.859	0.0304	2.0000	5394.736842
329.0000	47.189	0.0304	2.0000	5411.184211
330.0000	47.518	0.0304	2.0000	5427.631579
331.0000	47.847	0.0304	2.0000	5444.078947
332.0000	48.175	0.0304	2.0000	5460.526316
333.0000	48.504	0.0305	2.0000	5459.016393
334.0000	48.832	0.0305	2.0000	5475.409836
335.0000	49.160	0.0305	2.0000	5491.803279
336.0000	49.488	0.0305	2.0000	5508.196721
337.0000	49.816	0.0305	2.0000	5524.590164
338.0000	50.143	0.0305	2.0000	5540.983607
339.0000	50.471	0.0306	2.0000	5539.215686
340.0000	50.798	0.0306	2.0000	5555.555556
341.0000	51.125	0.0306	2.0000	5571.895425
342.0000	51.452	0.0306	2.0000	5588.235294
343.0000	51.778	0.0306	2.0000	5604.575163
344.0000	52.105	0.0307	2.0000	5602.605863
345.0000	52.431	0.0307	2.0000	5618.892508
346.0000	52.757	0.0307	2.0000	5635.179153
347.0000	53.083	0.0307	2.0000	5651.465798
348.0000	53.408	0.0307	2.0000	5667.752443
349.0000	53.733	0.0308	2.0000	5665.584416
350.0000	54.059	0.0308	2.0000	5681.818182
351.0000	54.383	0.0308	2.0000	5698.051948
352.0000	54.708	0.0308	2.0000	5714.285714
353.0000	55.033	0.0308	2.0000	5730.519481
354.0000	55.357	0.0309	2.0000	5728.15534
355.0000	55.681	0.0309	2.0000	5744.33657
