m4opt/data/nuv_d_cbe_effective_area.ecsv
# %ECSV 0.9
# ---
# datatype:
# - {name: wavelength, unit: Angstrom, datatype: float64}
# - {name: effective_area, unit: cm2, datatype: float64}
# meta: !!omap
# - {comment: Dorado effective area (current best estimate)}
# schema: astropy-2.0
wavelength effective_area
[from data line 566]
7160.0 0.0007096682966281915
7170.0 0.0007123075161414616
7180.0 0.0007149304025631697
7190.0 0.000777331500787833
7200.0 0.0007801369202011602
7210.0 0.0007829348000426198
7220.0 0.0007857032880849886
7230.0 0.0007884532255875365
7240.0 0.0007911844384426214
7250.0 0.0007938968733139952
7260.0 0.0007965903949805889
7270.0 0.0007992648196127318
7280.0 0.0008019200511994416
7290.0 0.0008045560306392753
7300.0 0.0008071724610107407
7310.0 0.000809780692613728
7320.0 0.0008123580368962855
7330.0 0.0008149155228334228
7340.0 0.0008174532963106521
7350.0 0.0008830456940553375
7360.0 0.0008857355649665623
7370.0 0.0008884037607485806
7380.0 0.0008910502076935466
7390.0 0.0008936747773654945
7400.0 0.0008962773447446895
7410.0 0.000898856622338687
7420.0 0.0009014137824170034
7430.0 0.0009039488619399664
7440.0 0.000971208850480967
7450.0 0.0009089521756755636
7460.0 0.0009114203066300328
7470.0 0.0009138660951919869
7480.0 0.0009162894392325088
7490.0 0.0009186902984642143
7500.0 0.0009210686744285995
7510.0 0.0009234243760018452
7520.0 0.0009918830869664814
7530.0 0.0009943586606205208
7540.0 0.0009968099744100817
7550.0 0.0009992370261274642
7560.0 0.0010016268884557133
7570.0 0.0010040052002871635
7580.0 0.0010063592612203833
7590.0 0.0010086889317080557
7600.0 0.001078393840323499
7610.0 0.0010808263314372223
7620.0 0.0010832328336262606
7630.0 0.001085613370724585
7640.0 0.0010879679243001735
7650.0 0.0010221530358420817
7660.0 0.001024311822450884
7670.0 0.001026433841243474
7680.0 0.0010971136542558856
7690.0 0.0010993387489276582
7700.0 0.0011015379554396175
7710.0 0.0011037113944017676
7720.0 0.001105859025289366
7730.0 0.0011079810455569647
7740.0 0.0011100642180675799
7750.0 0.0011816434516437476
7760.0 0.0011838163366644653
7770.0 0.0011859622350031728
7780.0 0.001257968115004132
7790.0 0.0012601829957316285
7800.0 0.0012623550619296339
7810.0 0.0012645125433828645
7820.0 0.001266641594395963
7830.0 0.0012687424733428265
7840.0 0.001341415931272987
7850.0 0.0013435592701836014
7860.0 0.0014165135638812855
7870.0 0.0013477870677014087
7880.0 0.0014209020674911265
7890.0 0.0014230345194839486
7900.0 0.001425151893185364
7910.0 0.001498600589919367
7920.0 0.0015007597288689656
7930.0 0.0015744530375870662
7940.0 0.001576631855510272
7950.0 0.001650557628138654
7960.0 0.0015809235113182242
7970.0 0.0016549755951359034
7980.0 0.0016571163812282156
7990.0 0.0017313810527546133
8000.0 0.0016613301959703443
8010.0 0.0017356891230589564
8020.0 0.001810206845078416
8030.0 0.001739873383359427
8040.0 0.0018144932799732637
8050.0 0.0018892275667556997
8060.0 0.0018913635139725887
8070.0 0.0018934626704976863
8080.0 0.0019684110548746827
8090.0 0.001970514857757454
8100.0 0.002045639780366564
8110.0 0.0021208575884181396
8120.0 0.0020497899479730475
8130.0 0.0021250960612986185
8140.0 0.002200506023388455
8150.0 0.0022759958757468408
8160.0 0.002278114023330021
8170.0 0.002280190682603146
8180.0 0.0023558259429205205
8190.0 0.0022842012183628855
8200.0 0.0023598818885404876
8210.0 0.002361856489945665
8220.0 0.0023637899740000827
8230.0 0.0023656622811313306
8240.0 0.002441498738454438
8250.0 0.002443366071985096
8260.0 0.002445172052296406
8270.0 0.002446957116453375
8280.0 0.00252290387567275
8290.0 0.002598892900216451
8300.0 0.0025263521009770886
8310.0 0.0026023576302261933
8320.0 0.0026040368032649846
8330.0 0.0026801219970079594
8340.0 0.0027562361927022574
8350.0 0.0026833426251912703
8360.0 0.0027594599616755757
8370.0 0.002761017770183275
8380.0 0.002837195920981842
8390.0 0.0028386884725985872
8400.0 0.0029148996348192916
8410.0 0.0029163435202145885
8420.0 0.0029177646104740092
8430.0 0.0029939925079473847
8440.0 0.0029953419403763626
8450.0 0.003071584929425292
8460.0 0.0030728802709566413
8470.0 0.0031491317687730863
8480.0 0.003150370179413516
8490.0 0.003226622839415078
8500.0 0.0032278224104595583
8510.0 0.0032289572520682332
8520.0 0.003230069013272228
8530.0 0.0032311174431607125
8540.0 0.0033073089723096917
8550.0 0.003308295151132951
8560.0 0.0033844683334870746
8570.0 0.0033853893857540003
8580.0 0.003461537908315202
8590.0 0.0035376617561528145
8600.0 0.00353851055690671
8610.0 0.003539295759035686
8620.0 0.0036153778054639828
8630.0 0.003616111234455114
8640.0 0.003616782361645405
8650.0 0.0036927926661298564
8660.0 0.0036933911648045162
8670.0 0.003693965034626399
8680.0 0.0037698759168978864
8690.0 0.0038457828962881998
8700.0 0.0038462304774296305
8710.0 0.003846653661309446
8720.0 0.0038470164733199297
8730.0 0.003998231780737692
8740.0 0.0039985223629144155
8750.0 0.003998788309099916
8760.0 0.003998994586541855
8770.0 0.004074632798843669
8780.0 0.004074758676270601
8790.0 0.00407484398812374
8800.0 0.004150365363598868
8810.0 0.0041503681308369435
8820.0 0.004150346179431157
8830.0 0.004225727382420676
8840.0 0.004225623113154249
8850.0 0.004300917954758023
8860.0 0.004376181488399876
8870.0 0.004300487540762301
8880.0 0.004300220121660818
8890.0 0.004299899404040128
8900.0 0.004299554274774932
8910.0 0.004223733768385358
8920.0 0.004223307267415886
8930.0 0.0042228573406688594
8940.0 0.0041469593980818205
8950.0 0.004221837195076943
8960.0 0.004145888283048471
8970.0 0.004145307139811921
8980.0 0.004144681398213574
8990.0 0.00414402233210947
9000.0 0.004068007817852883
9010.0 0.004142617978145262
9020.0 0.004066565854928285
9030.0 0.003990501133443757
9040.0 0.004064999930247419
9050.0 0.00398890501989893
9060.0 0.003988059073806351
9070.0 0.003987192643150047
9080.0 0.003986289961774378
9090.0 0.0039101708979064
9100.0 0.003909231135292755
9110.0 0.003908264919936943
9120.0 0.0038321387928600555
9130.0 0.003831140129858647
9140.0 0.0038301224323512135
9150.0 0.003753994615599475
9160.0 0.0037529432377534423
9170.0 0.0037518734867543146
9180.0 0.003675760072392632
9190.0 0.003599673121104647
9200.0 0.003523605799068172
9210.0 0.0035225107540347005
9220.0 0.003521398818399826
9230.0 0.003445364115764838
9240.0 0.003444236222112812
9250.0 0.0034430865532310297
9260.0 0.0033670940076283603
9270.0 0.0032911364542333927
9280.0 0.0032899836854946123
9290.0 0.0032140686739114428
9300.0 0.0032129102200258246
9310.0 0.00321173476596468
9320.0 0.0031358792147257696
9330.0 0.0031347006457659336
9340.0 0.003058899472264468
9350.0 0.002983140656538183
9360.0 0.002981975484336454
9370.0 0.002906276872394547
9380.0 0.002905113868613873
9390.0 0.0029039385696506205
9400.0 0.002828321417617504
9410.0 0.002752752083147779
9420.0 0.0026772345186672083
9430.0 0.002601768295208134
9440.0 0.002600657632573889
9450.0 0.0025995380961932983
9460.0 0.0025241682502104698
9470.0 0.002448851615892619
9480.0 0.002373593188341406
9490.0 0.0022983919403936804
9500.0 0.0022232465501883596
9510.0 0.0022963117860593358
9520.0 0.0022212202931910594
9530.0 0.0021461863819580308
9540.0 0.0020712167082938093
9550.0 0.001996309210487285
9560.0 0.001995364512758255
9570.0 0.0019944162340224092
9580.0 0.001919629978767732
9590.0 0.0018449059009022256
9600.0 0.0017702506669426959
9610.0 0.0017693867204391861
9620.0 0.001694826446139959
9630.0 0.001693988784599829
9640.0 0.0016931466513396749
9650.0 0.0016187185144147342
9660.0 0.0015443633496344212
9670.0 0.0014700785354452976
9680.0 0.0014693310914474776
9690.0 0.0013951480338425981
9700.0 0.0013210400227418417
9710.0 0.0013937113149269534
9720.0 0.0013196697449323804
9730.0 0.001318981677477931
9740.0 0.0012450524488505127
9750.0 0.0012443941298442825
9760.0 0.0011705754793364005
9770.0 0.001169954219925659
9780.0 0.001096247508742218
9790.0 0.0010956576790568493
9800.0 0.0010220645048069808
9810.0 0.0010215134019434552
9820.0 0.0009480317572628534
9830.0 0.0009475168341967653
9840.0 0.0008741541157382531
9850.0 0.0008736760183371635
9860.0 0.0008004274116101729
9870.0 0.0007999866646208584
9880.0 0.0007268588411593587
9890.0 0.0007264561646547783
9900.0 0.0007260498348841799
9910.0 0.0006530806110691854
9920.0 0.0006527156496874655
9930.0 0.0005798643022589123
9940.0 0.000579538443807043
9950.0 0.0005068104867514934
9960.0 0.0005065242037907491
9970.0 0.00043391608475605706
9980.0 0.0004336698771666509
9990.0 0.000433423195166238
10000.0 0.00036098013973681365
