m4opt/data/nuv_d_cbe_effective_area.ecsv
# %ECSV 0.9
# ---
# datatype:
# - {name: wavelength, unit: Angstrom, datatype: float64}
# - {name: effective_area, unit: cm2, datatype: float64}
# meta: !!omap
# - {comment: Dorado effective area (current best estimate)}
# schema: astropy-2.0
wavelength effective_area
1500.0 0.001977942288886925
1510.0 0.0024734508433786754
1520.0 0.0031118654418005845
1530.0 0.0039208504489917275
1540.0 0.005051846820488579
1550.0 0.006366339817563825
1560.0 0.00806613033121112
1570.0 0.010169490764245045
1580.0 0.012617896424986261
1590.0 0.01576283514635413
1600.0 0.019530265719060615
1610.0 0.024500823407795483
1620.0 0.03022299481829974
1630.0 0.037120910403743455
1640.0 0.04563295394898299
1650.0 0.05643366067272029
1660.0 0.0703274160943904
1670.0 0.08834782152437051
1680.0 0.11201212083711758
1690.0 0.14362885676630863
1700.0 0.18619361299648865
1710.0 0.24398508828927803
1720.0 0.3250651905081652
1730.0 0.44161262506719734
1740.0 0.6062290697338862
1750.0 0.840255154761341
1760.0 1.176311494891238
1770.0 1.6451398632337133
1780.0 2.317718603722072
1790.0 3.2762014500438834
1800.0 4.646611652350113
1810.0 6.579946875283799
1820.0 9.222913087253758
1830.0 12.772167768393636
1840.0 17.354858638734342
1850.0 22.949557835656424
1860.0 29.17113010709596
1870.0 35.19861883106941
1880.0 40.77281985082167
1890.0 45.45166009743868
1900.0 48.92367453475747
1910.0 52.48826850866735
1920.0 55.79134270035847
1930.0 58.39543777740871
1940.0 59.621085911685334
1950.0 60.13868982744933
1960.0 60.11402419937164
1970.0 59.62977138736545
1980.0 58.67894544365705
1990.0 57.26484620344116
2000.0 55.48000596445673
2010.0 53.71234181493155
2020.0 51.738626970989344
2030.0 49.625298179911546
2040.0 47.42908913733844
2050.0 45.2284045202236
2060.0 43.112235411654844
2070.0 40.86955406153704
2080.0 38.8041863834523
2090.0 36.94118272858286
2100.0 35.31671158362862
2110.0 33.88972580555782
2120.0 32.779049025880404
2130.0 32.07038580930852
2140.0 31.49999714982645
2150.0 31.053097187007516
2160.0 30.70650422178953
2170.0 30.354841850636088
2180.0 29.92128382795729
2190.0 29.340839371643682
2200.0 28.650464742391932
2210.0 27.756803571608422
2220.0 26.639460942248064
2230.0 25.208940186087318
2240.0 23.442069071268197
2250.0 21.357984893026536
2260.0 19.094054273059726
2270.0 16.760608100283363
2280.0 14.509284004528485
2290.0 12.472296750932358
2300.0 10.607207493802692
2310.0 8.961482271297356
2320.0 7.534483900768605
2330.0 6.306701458077118
2340.0 5.26192636412359
2350.0 4.364291824772829
2360.0 3.6063149615646344
2370.0 2.978027130800871
2380.0 2.4540304346582187
2390.0 2.018965689451319
2400.0 1.6688598759939208
2410.0 1.3878023733511866
2420.0 1.1546279465730982
2430.0 0.9612509559950274
2440.0 0.8031030126627342
2450.0 0.6706658886518032
2460.0 0.5612557045504326
2470.0 0.47027722388408916
2480.0 0.3948468161518083
2490.0 0.33321403833879304
2500.0 0.2822768644772321
2510.0 0.23870485033062064
2520.0 0.2026782402958251
2530.0 0.1729302731129569
2540.0 0.14859030231122775
2550.0 0.12841867356827752
2560.0 0.11161344904020085
2570.0 0.09774371364283356
2580.0 0.0860361727419003
2590.0 0.07554246115845395
2600.0 0.06646609017616335
2610.0 0.05881193935290561
2620.0 0.05228196086699159
2630.0 0.04641994361577074
2640.0 0.041344898318040085
2650.0 0.03706377770978203
2660.0 0.033380223875599746
2670.0 0.03031581835073243
2680.0 0.027718662671124463
2690.0 0.02529397802901093
2700.0 0.023240462864935245
2710.0 0.021384487777919108
2720.0 0.01980624294700063
2730.0 0.01844328626978162
2740.0 0.01727866213983251
2750.0 0.016297055433526393
2760.0 0.015482104090233284
2770.0 0.014653226073206712
2780.0 0.014275063538673067
2790.0 0.013666583790673469
2800.0 0.013102984401439267
2810.0 0.012630437479702432
2820.0 0.01219533708777581
2830.0 0.011850295154287652
2840.0 0.011546835039512274
2850.0 0.01135107093511233
2860.0 0.011149213006614929
2870.0 0.010966854223236126
2880.0 0.010829576478532109
2890.0 0.010763767053873942
2900.0 0.010752921821757548
2910.0 0.010752677615512787
2920.0 0.010806488830076066
2930.0 0.010939621613172816
2940.0 0.011068586502841057
2950.0 0.011162530403812944
2960.0 0.011206638710865597
2970.0 0.011351110444167709
2980.0 0.011440170855102547
2990.0 0.011397064352432021
3000.0 0.011294172671894084
3010.0 0.011413868767983948
3020.0 0.011588034307668475
3030.0 0.011543755434402007
3040.0 0.011490374313436412
3050.0 0.011647790002002672
3060.0 0.011797429465833063
3070.0 0.01178653617595143
3080.0 0.011838751030095464
3090.0 0.011877189895582554
3100.0 0.011902597727717273
3110.0 0.011870421490471
3120.0 0.011824492932635634
3130.0 0.011852901302537298
3140.0 0.011777852772572883
3150.0 0.012015226439070218
3160.0 0.012126248134105828
3170.0 0.01222216672486268
3180.0 0.012293580849348782
3190.0 0.011976968363139431
3200.0 0.011657438641642388
3210.0 0.011437978025053966
3220.0 0.011213000796073645
3230.0 0.011075743860436854
3240.0 0.011038182694015233
3250.0 0.010940637475779226
3260.0 0.01093244170240647
3270.0 0.011025509403916563
3280.0 0.010963941173173498
3290.0 0.010861455459184603
3300.0 0.010742092892708123
3310.0 0.010566502004653132
3320.0 0.010382877174018167
3330.0 0.010265104179879941
3340.0 0.010126182101881974
3350.0 0.009915883947661972
3360.0 0.009832055615160167
3370.0 0.009616388488734659
3380.0 0.009385242656408147
3390.0 0.009312587036557449
3400.0 0.0090888340295709
3410.0 0.008860647479917026
3420.0 0.00876607267771967
3430.0 0.008477289525694452
3440.0 0.008316214589685868
3450.0 0.008178934011321554
3460.0 0.007897460502640436
3470.0 0.007673731072326552
3480.0 0.007441533871377937
3490.0 0.007181075837074102
3500.0 0.007046580008523354
3510.0 0.006864878389371929
3520.0 0.006676580243236939
3530.0 0.00648188110456566
3540.0 0.006155330336422915
3550.0 0.005914889926274889
3560.0 0.005674630456024342
3570.0 0.005502018538444487
3580.0 0.005328361475967899
3590.0 0.005118566646382189
3600.0 0.004909932753823386
3610.0 0.004749886693746217
3620.0 0.004590400327971519
3630.0 0.004499022496331138
3640.0 0.004292886254053119
3650.0 0.004140111778291256
3660.0 0.004099625887662033
3670.0 0.0038716036633190975
3680.0 0.0037528974426111273
3690.0 0.003690756272722637
3700.0 0.0035277642528843537
3710.0 0.0034883183842382487
3720.0 0.0034490432898484757
3730.0 0.0033864897315855447
3740.0 0.003324404146373894
3750.0 0.003234996392705331
3760.0 0.003056125936428279
3770.0 0.00297717261832503
3780.0 0.002898906905112516
3790.0 0.0028425709267368574
3800.0 0.0027867964037167994
3810.0 0.0027236364506584335
3820.0 0.0026614246263548555
3830.0 0.002609421919916944
3840.0 0.0024828563110809595
3850.0 0.0024264679635190435
3860.0 0.0023711191513244257
3870.0 0.0023169054262236356
3880.0 0.002263803659459812
3890.0 0.002140334881393821
3900.0 0.002086727002424515
3910.0 0.0020340867915753925
3920.0 0.0019827322653168484
3930.0 0.0019371098060020232
3940.0 0.0018926096066173616
3950.0 0.0018458155562838733
3960.0 0.0017439576055940538
3970.0 0.001711133700422384
3980.0 0.0016790834715489928
3990.0 0.00163196013209789
4000.0 0.00158621516638774
4010.0 0.0015504965003974957
4020.0 0.0014668722565215149
4030.0 0.0014323339011300595
4040.0 0.0013988231818987391
4050.0 0.0013670932273327082
4060.0 0.0013363102743470373
4070.0 0.0013042220937189938
4080.0 0.0012307033089171224
4090.0 0.001204713920463519
4100.0 0.0011795041007168154
4110.0 0.0011545964906245771
4120.0 0.001130444088969198
4130.0 0.0011046143733244986
4140.0 0.0010423891370292383
4150.0 0.0010213987588787617
4160.0 0.0010010664371829007
4170.0 0.000978070641975231
4180.0 0.0009558145000130264
4190.0 0.0009028562773357601
4200.0 0.0008845927497879954
4210.0 0.0008662208717995498
4220.0 0.0008484621204581502
4230.0 0.0008320836018798392
4240.0 0.0007860026864814094
4250.0 0.0007717097224798984
4260.0 0.0007578900175549155
4270.0 0.0007443639606599177
4280.0 0.0007313031987259937
4290.0 0.0007190171933906023
4300.0 0.0006799445752905284
4310.0 0.0006672338151874973
4320.0 0.0006549539132089086
4330.0 0.0006431723031942782
4340.0 0.0006317729173784471
4350.0 0.000621303271379607
4360.0 0.0005867598440888839
4370.0 0.000581430056045251
4380.0 0.0005763915438647052
4390.0 0.000568218074619668
4400.0 0.0005603300819780062
4410.0 0.000553120442459003
4420.0 0.0005234082117721451
4430.0 0.0005170221240967762
4440.0 0.0005108641222168121
4450.0 0.000503889839924262
4460.0 0.0004971666456869248
4470.0 0.0004914674208524588
4480.0 0.00048598591785859417
4490.0 0.00046028357334788964
4500.0 0.00045589752610559857
4510.0 0.00045190237475659014
4520.0 0.00044807270582281457
4530.0 0.00044347687553378875
4540.0 0.0004390498679272817
4550.0 0.00043522428026156754
4560.0 0.0004315526495254783
4570.0 0.00040854361444145153
4580.0 0.0004052838780414008
4590.0 0.0004017867858480276
4600.0 0.00039843332389770094
4610.0 0.00039563698060789067
4620.0 0.0003929653428379118
4630.0 0.00039021337828428284
4640.0 0.0003875852207594178
4650.0 0.00036687440985299356
4660.0 0.0003647287056085616
4670.0 0.00036269480869318457
4680.0 0.00036075875125236026
4690.0 0.0003588092801648252
4700.0 0.0003569613591631272
4710.0 0.00035532994338288357
4720.0 0.0003537874302778723
4730.0 0.0003536929200708396
4740.0 0.00033600076632100533
4750.0 0.00033482215819674566
4760.0 0.0003337209362868512
4770.0 0.0003326853266265402
4780.0 0.000331723691957471
4790.0 0.0003308592930766417
4800.0 0.0003300704993357686
4810.0 0.00032899437060751623
4820.0 0.0003279935799196469
4830.0 0.0003290892063850466
4840.0 0.0003302619740168916
4850.0 0.00032995829005368624
4860.0 0.0003123691905286553
4870.0 0.00031295553168112026
4880.0 0.0003136070971755677
4890.0 0.0003134787080490479
4900.0 0.00031341053486101764
4910.0 0.0003134453619920629
4920.0 0.00031354694870064424
4930.0 0.0003136307874159913
4940.0 0.00031377168899017856
4950.0 0.0003138593284326409
4960.0 0.0003140074193671076
4970.0 0.00031431638604256486
4980.0 0.0003146794043780324
4990.0 0.00031520072017542013
5000.0 0.00029822920096719553
5010.0 0.00029928650120832946
5020.0 0.0003003918564531726
5030.0 0.00030088825275877384
5040.0 0.00030143057200614123
5050.0 0.0003020644873828152
5060.0 0.0003027455388404263
5070.0 0.00030369876681198043
5080.0 0.00030470101508289673
5090.0 0.0003055605208397939
5100.0 0.00030646247986792076
5110.0 0.0003078319006858583
5120.0 0.0003092473527495663
5130.0 0.00031028573010888
5140.0 0.0003113675607489393
5150.0 0.00029463751468650277
5160.0 0.0002962668709469539
5170.0 0.00029742303342967954
5180.0 0.0002986187569856437
5190.0 0.00029999778870141265
5200.0 0.00030141711640250716
5210.0 0.000302717335862118
5220.0 0.0003040560842810056
5230.0 0.0003054544402870026
5240.0 0.000306890639164589
5250.0 0.00030860438741670427
5260.0 0.00031035703073834864
5270.0 0.00031180961666271804
5280.0 0.00031329828986164694
5290.0 0.0003148735484359367
5300.0 0.00031648694059848565
5310.0 0.00031827058837628476
5320.0 0.0003000852648655118
5330.0 0.0003017454876977965
5340.0 0.0003034382101394406
5350.0 0.0003051512933930619
5360.0 0.00030689838856631763
5370.0 0.0003086712285949523
5380.0 0.00031047764069349276
5390.0 0.0003123224817143168
5400.0 0.0003142003754140729
5410.0 0.0003175411774325376
5420.0 0.00032092649084802067
5430.0 0.0003229148383535475
5440.0 0.00032493463516521093
5450.0 0.00032698634305583415
5460.0 0.000329069479606853
5470.0 0.0003311709478429957
5480.0 0.0003333036969794085
5490.0 0.00033535276477332087
5500.0 0.0003374328835870589
5510.0 0.0003396266089328054
5520.0 0.0003418507364269437
5530.0 0.0003211944260185428
5540.0 0.0003233562450109321
5550.0 0.0003255164449270038
5560.0 0.00032770446078191296
5570.0 0.0003299200883344664
5580.0 0.00033216321342468565
5590.0 0.00033442843579739416
5600.0 0.0003367201329832247
5610.0 0.00033908570505294716
5620.0 0.0003414779386946874
5630.0 0.00034388402855051176
5640.0 0.00034631734923907354
5650.0 0.00034877681574900705
5660.0 0.0003512623260574049
5670.0 0.00035169178790050694
5680.0 0.0003521456135110023
5690.0 0.00035415552264196127
5700.0 0.0003561892493737104
5710.0 0.00035860902175171693
5720.0 0.00036105211987122276
5730.0 0.0003623968119210903
5740.0 0.00036376387884501723
5750.0 0.00036639648569189497
5760.0 0.00036905156861558806
5770.0 0.0003690218663014288
5780.0 0.00036901743857051874
5790.0 0.00037161508322398326
5800.0 0.00034750703056506886
5810.0 0.0003487085841222425
5820.0 0.00034992772839108767
5830.0 0.0003524707914898072
5840.0 0.0003550328269679434
5850.0 0.0003545268938494993
5860.0 0.00035404606171519714
5870.0 0.00035645451988743765
5880.0 0.0003588849932646467
5890.0 0.0003601106238859426
5900.0 0.0003613575856160589
5910.0 0.0003639710014271622
5920.0 0.00036660672745085553
5930.0 0.0003690082467026909
5940.0 0.00037142834524607753
5950.0 0.00037421817793614715
5960.0 0.00037702387746589306
5970.0 0.00037989702016825
5980.0 0.00038278548155826783
5990.0 0.00038463345192006805
6000.0 0.0003865008688128409
6010.0 0.00038950539813912725
6020.0 0.0003925273430583244
6030.0 0.00039556983331319906
6040.0 0.00039862575056043504
6050.0 0.00040169824288446425
6060.0 0.00040478699603672003
6070.0 0.00040789554690401467
6080.0 0.0004110161137573626
6090.0 0.0004141521162955348
6100.0 0.00041730326765775463
6110.0 0.0004204734419704042
6120.0 0.000423654118933642
6130.0 0.0004268490511310072
6140.0 0.0004300579449798048
6150.0 0.0004332804985191345
6160.0 0.0004029382257006874
6170.0 0.00040593727722804904
6180.0 0.00040894806414527965
6190.0 0.00041197477653947797
6200.0 0.0004150083112128147
6210.0 0.0004180518219642691
6220.0 0.00042110592984638594
6230.0 0.00042417030492421324
6240.0 0.0004272445900868743
6250.0 0.0004303284961915302
6260.0 0.0004334217660601072
6270.0 0.00043652405941799774
6280.0 0.000439635038215047
6290.0 0.00044275445500027987
6300.0 0.00044588194881867523
6310.0 0.00044901181761176754
6320.0 0.0004521544372001152
6330.0 0.00045530420763430343
6340.0 0.00045846076090786205
6350.0 0.0004616238240509009
6360.0 0.00046479304759627227
6370.0 0.00046796812692175054
6380.0 0.00047114872107575055
6390.0 0.00047433449368570926
6400.0 0.0004775191178500053
6410.0 0.000480713787101211
6420.0 0.00048391265012873044
6430.0 0.0004871153379020479
6440.0 0.0004903216263272349
6450.0 0.0004935246838161544
6460.0 0.0004967369831725876
6470.0 0.0004999518182854741
6480.0 0.0005031688500090829
6490.0 0.0005063811133210046
6500.0 0.0005096015295983982
6510.0 0.000512823221371112
6520.0 0.0005160388458333729
6530.0 0.0005192619198127488
6540.0 0.0005224852226701413
6550.0 0.000525701357599975
6560.0 0.00052892410724446
6570.0 0.0005321460847245546
6580.0 0.0005353597150512084
6590.0 0.0005385791996958362
6600.0 0.000541796987112106
6610.0 0.0005450043632433254
6620.0 0.0005482168350704196
6630.0 0.0005514188814413885
6640.0 0.0005546256358372164
6650.0 0.0005578289697308485
6660.0 0.0005610208393578967
6670.0 0.0005642165614287159
6680.0 0.0005673999689182809
6690.0 0.000570586798508386
6700.0 0.0005737605148456238
6710.0 0.0005769371927205327
6720.0 0.0005801000500648806
6730.0 0.0005832653655774826
6740.0 0.0005864161221335583
6750.0 0.0005895688144764437
6760.0 0.000592706344453479
6770.0 0.0005958453217552741
6780.0 0.0005989683887643596
6790.0 0.0006020924231407192
6800.0 0.0006051999249789008
6810.0 0.0006083069126433396
6820.0 0.0006113966160900519
6830.0 0.0006144775835954931
6840.0 0.0006175583296584588
6850.0 0.0006206208734544648
6860.0 0.0006236827609655036
6870.0 0.0006267258065092609
6880.0 0.0006297586439843377
6890.0 0.0006327903422337419
6900.0 0.0006887856421715104
6910.0 0.000692036642129565
6920.0 0.0006952856814129391
6930.0 0.0006985122053602601
6940.0 0.0007017261012294584
6950.0 0.0007049374015593967
6960.0 0.0007081253681043521
6970.0 0.0007112998850993238
6980.0 0.0007144711932912775
6990.0 0.0007176182372605612
7000.0 0.0007207511404134738
7010.0 0.0007238794367628483
7020.0 0.0007269826512823769
7030.0 0.0007300709922279433
7040.0 0.0006767486801313154
7050.0 0.000679581323297972
7060.0 0.0006823898749690798
7070.0 0.0006851839475265919
7080.0 0.0006879633203889539
7090.0 0.000690727804196541
7100.0 0.0006934872699292246
7110.0 0.0006962215250726776
7120.0 0.0006989403628695207
7130.0 0.000701643585640515
7140.0 0.0007043311028330698
