docs/_static/example.ecsv
# %ECSV 1.0
# ---
# datatype:
# - {name: action, datatype: string, description: Action for the spacecraft}
# - {name: start_time, datatype: string, description: Start time of segment}
# - {name: duration, unit: s, datatype: float64, description: Duration of segment}
# - {name: observer_location.x, unit: km, datatype: float64, description: Position of the spacecraft}
# - {name: observer_location.y, unit: km, datatype: float64, description: Position of the spacecraft}
# - {name: observer_location.z, unit: km, datatype: float64, description: Position of the spacecraft}
# - {name: target_coord.ra, unit: deg, datatype: float64}
# - {name: target_coord.dec, unit: deg, datatype: float64}
# - {name: roll, unit: deg, datatype: float64, description: Position angle of the FOV}
# meta: !!omap
# - {command: /Users/lpsinger/src/m4opt/.vscode/env/bin/m4opt schedule bayestar.multiorder.fits docs/_static/example.ecsv --delay 6hour
#     --deadline 24hour --timelimit 2hour --bandpass NUV --absmag -10 --jobs 12}
# - {version: 0.1.dev353+ge295ccf}
# - args:
#     deadline: !astropy.units.Quantity
#       unit: &id001 !astropy.units.Unit {unit: h}
#       value: 24.0
#     delay: !astropy.units.Quantity
#       unit: *id001
#       value: 6.0
#     mission: uvex
#     nside: 512
#     skymap: bayestar.multiorder.fits
#     time_step: !astropy.units.Quantity
#       unit: !astropy.units.Unit {unit: min}
#       value: 1.0
#     visits: 2
# - {objective_value: 0.8928802586689315}
# - {best_bound: 0.9041649549224067}
# - {solution_status: time limit exceeded}
# - solution_time: !astropy.units.Quantity
#     unit: !astropy.units.Unit {unit: s}
#     value: 7206.1323709487915
# - total_time:
#     observe: !astropy.units.Quantity
#       unit: &id002 !astropy.units.Unit {unit: s}
#       value: 49349.52481409522
#     slack: !astropy.units.Quantity
#       unit: *id001
#       value: 6.750155989720952e-14
#     slew: !astropy.units.Quantity
#       unit: *id002
#       value: 15450.475185904535
# - __serialized_columns__:
#     duration:
#       __class__: astropy.units.quantity.Quantity
#       unit: *id002
#       value: !astropy.table.SerializedColumn {name: duration}
#     observer_location:
#       __class__: astropy.coordinates.earth.EarthLocation
#       __info__: {description: Position of the spacecraft}
#       ellipsoid: WGS84
#       x: !astropy.table.SerializedColumn
#         __class__: astropy.units.quantity.Quantity
#         __info__: {description: Position of the spacecraft}
#         unit: &id003 !astropy.units.Unit {unit: km}
#         value: !astropy.table.SerializedColumn
#           __class__: astropy.utils.masked.core.MaskedNDArray
#           data: !astropy.table.SerializedColumn {name: observer_location.x}
#       y: !astropy.table.SerializedColumn
#         __class__: astropy.units.quantity.Quantity
#         __info__: {description: Position of the spacecraft}
#         unit: *id003
#         value: !astropy.table.SerializedColumn
#           __class__: astropy.utils.masked.core.MaskedNDArray
#           data: !astropy.table.SerializedColumn {name: observer_location.y}
#       z: !astropy.table.SerializedColumn
#         __class__: astropy.units.quantity.Quantity
#         __info__: {description: Position of the spacecraft}
#         unit: *id003
[...]
#       __class__: astropy.units.quantity.Quantity
#       __info__: {description: Position angle of the FOV}
#       unit: &id004 !astropy.units.Unit {unit: deg}
#       value: !astropy.table.SerializedColumn
#         __class__: astropy.utils.masked.core.MaskedNDArray
#         data: !astropy.table.SerializedColumn {name: roll}
#     start_time:
#       __class__: astropy.time.core.Time
#       format: iso
#       in_subfmt: '*'
#       out_subfmt: '*'
#       precision: 3
#       scale: utc
#       value: !astropy.table.SerializedColumn {name: start_time}
#     target_coord:
#       __class__: astropy.coordinates.sky_coordinate.SkyCoord
#       __info__: {description: Coordinates of the center of the FOV}
#       dec: !astropy.table.SerializedColumn
#         __class__: astropy.coordinates.angles.core.Latitude
#         unit: *id004
#         value: !astropy.table.SerializedColumn
#           __class__: astropy.utils.masked.core.MaskedNDArray
#           data: !astropy.table.SerializedColumn {name: target_coord.dec}
#       frame: icrs
#       ra: !astropy.table.SerializedColumn
#         __class__: astropy.coordinates.angles.core.Longitude
#         unit: *id004
#         value: !astropy.table.SerializedColumn
#           __class__: astropy.utils.masked.core.MaskedNDArray
#           data: !astropy.table.SerializedColumn {name: target_coord.ra}
#         wrap_angle: !astropy.coordinates.Angle
#           unit: *id004
#           value: 360.0
#       representation_type: spherical
# schema: astropy-2.0
action start_time duration observer_location.x observer_location.y observer_location.z target_coord.ra target_coord.dec roll
[from data line 137]
slew "2024-09-11 09:02:11.886" 748.7432911301054 "" "" "" "" "" ""
observe "2024-09-11 09:14:40.630" 482.6041366889404 -111070.95926387585 -231178.0723937992 -233223.92853109638 58.34652468736791 75.27886480188815 -111.0808833784616
slew "2024-09-11 09:22:43.234" 731.0371863967439 "" "" "" "" "" ""
observe "2024-09-11 09:34:54.271" 486.15343489419996 -130574.37773393563 -221184.2084520902 -232899.15272139595 48.53578391310462 4.969554252994564 -98.43188480160677
slew "2024-09-11 09:43:00.424" 33.37840439612591 "" "" "" "" "" ""
observe "2024-09-11 09:43:33.803" 488.09261329329274 -138657.9055172336 -216398.3355702689 -232759.12287019356 46.29652655972394 6.961319008728212 -100.03711641082718
slew "2024-09-11 09:51:41.895" 36.79830028270556 "" "" "" "" "" ""
observe "2024-09-11 09:52:18.694" 494.72336558286565 -146646.82519998867 -211262.6072975187 -232617.04001123094 46.52257909778204 10.089561127937632 -101.83133314464916
slew "2024-09-11 10:00:33.417" 33.650858381607 "" "" "" "" "" ""
observe "2024-09-11 10:01:07.068" 494.72336558286565 -154496.7846583247 -205794.42595294304 -232473.39698860265 48.81647558422206 8.092511281525729 -100.10057639301098
slew "2024-09-11 10:09:21.791" 84.70872449365683 "" "" "" "" "" ""
observe "2024-09-11 10:10:46.500" 617.412109053638 -162870.65996082855 -199462.19924281992 -232315.16212191398 51.64298625363395 15.328438847395628 -102.83026592491849
slew "2024-09-11 10:21:03.912" 51.91037309139703 "" "" "" "" "" ""
observe "2024-09-11 10:21:55.823" 617.412109053638 -172219.8562256096 -191723.3884794781 -232131.4541116583 49.034245797032796 11.206064903815145 -101.6990401397167
slew "2024-09-11 10:32:13.235" 34.46481005277308 "" "" "" "" "" ""
observe "2024-09-11 10:32:47.699" 617.412109053638 -180972.26411842325 -183764.12203222603 -231951.5818649833 46.39949736674414 13.004514273409587 -103.54252266121439
slew "2024-09-11 10:43:05.112" 82.2028775774407 "" "" "" "" "" ""
observe "2024-09-11 10:44:27.314" 617.412109053638 -189956.02995578025 -174777.04489752697 -231757.49273527283 48.876977543850515 20.078165522081523 -106.1676119291135
slew "2024-09-11 10:54:44.727" 33.31730569644205 "" "" "" "" "" ""
observe "2024-09-11 10:55:18.044" 617.412109053638 -197912.00728697068 -166022.45229239127 -231575.9959236532 48.92685865246261 17.121306948855437 -104.7286865686888
slew "2024-09-11 11:05:35.456" 76.63437074718935 "" "" "" "" "" ""
observe "2024-09-11 11:06:52.090" 617.412109053638 -205952.5688126045 -156285.5515938627 -231381.38864385188 54.44233812607509 22.436561766854325 -104.53487683491885
slew "2024-09-11 11:17:09.502" 28.967306904036516 "" "" "" "" "" ""
observe "2024-09-11 11:17:38.470" 617.412109053638 -213010.49890628326 -146865.908128573 -231199.19299525395 51.64538325729731 21.281561643174676 -105.39791356876485
slew "2024-09-11 11:27:55.882" 32.921689610866984 "" "" "" "" "" ""
observe "2024-09-11 11:28:28.804" 617.412109053638 -219676.74926979866 -137066.23239472628 -231014.9552145535 51.62174186833757 18.294798876262448 -104.14466131012549
slew "2024-09-11 11:38:46.216" 81.27570333439226 "" "" "" "" "" ""
observe "2024-09-11 11:40:07.491" 617.412109053638 -226335.80770478843 -126200.47383949498 -230815.98334197476 54.60246395505786 25.46629738784264 -105.51947480416885
slew "2024-09-11 11:50:24.904" 131.74079520683492 "" "" "" "" "" ""
observe "2024-09-11 11:52:36.644" 617.412109053638 -232878.1893640323 -114190.2572470407 -230601.44975968648 49.013934338214085 14.185888625291845 -103.23611768674706
slew "2024-09-11 12:02:54.056" 112.9304885170202 "" "" "" "" "" ""
observe "2024-09-11 12:04:46.987" 617.412109053638 -238642.7663333143 -102153.96723077093 -230391.11848788458 51.71563654042319 24.28713862936033 -106.57754144701306
slew "2024-09-11 12:15:04.399" 32.842663537289894 "" "" "" "" "" ""
observe "2024-09-11 12:15:37.242" 617.412109053638 -243251.97417872955 -91190.9667281186 -230202.86884376 51.83523339796859 27.30975696112139 -107.67132407617947
slew "2024-09-11 12:25:54.654" 29.533593260793456 "" "" "" "" "" ""
observe "2024-09-11 12:26:24.187" 617.412109053638 -247337.70589457508 -80076.63399872271 -230014.65941292385 54.82263498337261 28.510879509886248 -106.4086067694725
slew "2024-09-11 12:36:41.599" 554.8802662624278 "" "" "" "" "" ""
observe "2024-09-11 12:45:56.480" 470.19275926008095 -253440.93735347045 -59484.9064734362 -229671.2869877494 44.029253488661475 83.19078340060851 -125.13676916650773
slew "2024-09-11 12:53:46.673" 523.2418014060903 "" "" "" "" "" ""
observe "2024-09-11 13:02:29.914" 617.412109053638 -257272.47064498765 -41666.12241854983 -229377.95712060246 55.108458927935075 31.568012457992708 -107.18890405248577
slew "2024-09-11 13:12:47.326" 603.0793425471581 "" "" "" "" "" ""
observe "2024-09-11 13:22:50.406" 486.15343489419996 -260262.15474591774 -19446.569825437015 -229014.64345964108 32.275138467974266 -16.192368840244534 -79.9667303901701
slew "2024-09-11 13:30:56.559" 41.293593414732435 "" "" "" "" "" ""
observe "2024-09-11 13:31:37.853" 486.15343489419996 -260961.33284399618 -9770.114126667047 -228856.63200039693 30.96225198353432 -18.76713834761207 -76.66611948398281
slew "2024-09-11 13:39:44.006" 34.631896960204436 "" "" "" "" "" ""
observe "2024-09-11 13:40:18.638" 486.15343489419996 -261298.38090755406 -190.77718806057663 -228700.02366446395 27.619894226114585 -19.09935195096668 -74.3383858524921
slew "2024-09-11 13:48:24.792" 466.86761722084117 "" "" "" "" "" ""
observe "2024-09-11 13:56:11.659" 617.412109053638 -261003.4449410465 17360.831782174002 -228411.91225550845 51.581331268991164 12.306531453813928 -101.47052585658298
slew "2024-09-11 14:06:29.071" 104.89760442366368 "" "" "" "" "" ""
observe "2024-09-11 14:08:13.969" 488.09261329329274 -259993.79944015358 30641.561673436652 -228192.23747995228 43.80647482381772 5.818517442575301 -99.8641264988171
