docs/_static/example.ecsv
# %ECSV 1.0
# ---
# datatype:
# - {name: action, datatype: string, description: Action for the spacecraft}
# - {name: start_time, datatype: string, description: Start time of segment}
# - {name: duration, unit: s, datatype: float64, description: Duration of segment}
# - {name: observer_location.x, unit: km, datatype: float64, description: Position of the spacecraft}
# - {name: observer_location.y, unit: km, datatype: float64, description: Position of the spacecraft}
# - {name: observer_location.z, unit: km, datatype: float64, description: Position of the spacecraft}
# - {name: target_coord.ra, unit: deg, datatype: float64}
# - {name: target_coord.dec, unit: deg, datatype: float64}
# - {name: roll, unit: deg, datatype: float64, description: Position angle of the FOV}
# meta: !!omap
# - {command: /Users/lpsinger/src/m4opt/.vscode/env/bin/m4opt schedule bayestar.multiorder.fits docs/_static/example.ecsv --delay 6hour
#     --deadline 24hour --timelimit 10min --absmag -10 --bandpass NUV --jobs 12}
# - {version: 0.1.dev410+g8ee8f45.d20241224}
# - args:
#     absmag: -10.0
#     bandpass: NUV
#     deadline: !astropy.units.Quantity
#       unit: &id001 !astropy.units.Unit {unit: h}
#       value: 24.0
#     delay: !astropy.units.Quantity
#       unit: *id001
#       value: 6.0
#     exptime_max: !astropy.units.Quantity
#       unit: &id002 !astropy.units.Unit {unit: s}
#       value: .inf
#     exptime_min: !astropy.units.Quantity
#       unit: *id002
#       value: 900.0
#     mission: uvex
#     nside: 512
#     skymap: bayestar.multiorder.fits
#     time_step: !astropy.units.Quantity
#       unit: !astropy.units.Unit {unit: min}
#       value: 1.0
#     visits: 2
# - {objective_value: 0.888657664939189}
# - {best_bound: 0.9041650782780215}
# - {solution_status: time limit exceeded}
# - solution_time: !astropy.units.Quantity
#     unit: *id002
#     value: 761.0696609020233
# - total_time:
#     observe: !astropy.units.Quantity
#       unit: *id002
#       value: 47345.2733371278
#     slack: !astropy.units.Quantity
#       unit: *id002
#       value: 2.4300561562995426e-10
#     slew: !astropy.units.Quantity
#       unit: *id002
#       value: 17454.726662871948
# - __serialized_columns__:
#     duration:
#       __class__: astropy.units.quantity.Quantity
#       unit: !astropy.units.Unit {unit: s}
#       value: !astropy.table.SerializedColumn {name: duration}
#     observer_location:
#       __class__: astropy.coordinates.earth.EarthLocation
#       __info__: {description: Position of the spacecraft}
#       ellipsoid: WGS84
#       x: !astropy.table.SerializedColumn
#         __class__: astropy.units.quantity.Quantity
#         __info__: {description: Position of the spacecraft}
#         unit: &id003 !astropy.units.Unit {unit: km}
#         value: !astropy.table.SerializedColumn
#           __class__: astropy.utils.masked.core.MaskedNDArray
#           data: !astropy.table.SerializedColumn {name: observer_location.x}
#       y: !astropy.table.SerializedColumn
#         __class__: astropy.units.quantity.Quantity
#         __info__: {description: Position of the spacecraft}
#         unit: *id003
#         value: !astropy.table.SerializedColumn
#           __class__: astropy.utils.masked.core.MaskedNDArray
[...]
#       __class__: astropy.units.quantity.Quantity
#       __info__: {description: Position angle of the FOV}
#       unit: &id004 !astropy.units.Unit {unit: deg}
#       value: !astropy.table.SerializedColumn
#         __class__: astropy.utils.masked.core.MaskedNDArray
#         data: !astropy.table.SerializedColumn {name: roll}
#     start_time:
#       __class__: astropy.time.core.Time
#       format: iso
#       in_subfmt: '*'
#       out_subfmt: '*'
#       precision: 3
#       scale: utc
#       value: !astropy.table.SerializedColumn {name: start_time}
#     target_coord:
#       __class__: astropy.coordinates.sky_coordinate.SkyCoord
#       __info__: {description: Coordinates of the center of the FOV}
#       dec: !astropy.table.SerializedColumn
#         __class__: astropy.coordinates.angles.core.Latitude
#         unit: *id004
#         value: !astropy.table.SerializedColumn
#           __class__: astropy.utils.masked.core.MaskedNDArray
#           data: !astropy.table.SerializedColumn {name: target_coord.dec}
#       frame: icrs
#       ra: !astropy.table.SerializedColumn
#         __class__: astropy.coordinates.angles.core.Longitude
#         unit: *id004
#         value: !astropy.table.SerializedColumn
#           __class__: astropy.utils.masked.core.MaskedNDArray
#           data: !astropy.table.SerializedColumn {name: target_coord.ra}
#         wrap_angle: !astropy.coordinates.Angle
#           unit: *id004
#           value: 360.0
#       representation_type: spherical
# schema: astropy-2.0
action start_time duration observer_location.x observer_location.y observer_location.z target_coord.ra target_coord.dec roll
[from data line 137]
slew "2024-09-11 09:54:20.464" 136.30641026393684 "" "" "" "" "" ""
observe "2024-09-11 09:56:36.770" 475.64107486787714 -150505.7767970403 -208628.7245096807 -232546.95710490103 43.499084706313404 2.67147811090094 -97.77860094567748
slew "2024-09-11 10:04:32.411" 39.03126819997693 "" "" "" "" "" ""
observe "2024-09-11 10:05:11.442" 475.64107486787714 -158059.1683349899 -203166.1030004711 -232406.75241198431 43.12203817271233 -0.47971522602544153 -95.6004747375685
slew "2024-09-11 10:13:07.084" 39.554950519322304 "" "" "" "" "" ""
observe "2024-09-11 10:13:46.638" 480.10178369989836 -165421.80321415912 -197423.54187387068 -232265.81730517666 42.67415059531241 -3.6330309714530613 -93.32375269226814
slew "2024-09-11 10:21:46.740" 29.45545571541711 "" "" "" "" "" ""
observe "2024-09-11 10:22:16.196" 480.10178369989836 -172498.77440669455 -191480.85984672472 -232125.84677684563 40.14748822188107 -4.807868899953369 -92.3285349092325
slew "2024-09-11 10:30:16.298" 62.514958762996855 "" "" "" "" "" ""
observe "2024-09-11 10:31:18.812" 480.10178369989836 -179800.05799089733 -184873.35346937075 -231976.16374835753 36.06486308465719 -8.367291815535209 -88.80146209755162
slew "2024-09-11 10:39:18.914" 118.49253868734212 "" "" "" "" "" ""
observe "2024-09-11 10:41:17.407" 584.4248781640644 -187560.6110325878 -177260.96912080384 -231810.2843188279 32.275138467974266 -16.192368840244534 -79.9667303901701
slew "2024-09-11 10:51:01.832" 603.0793425471583 "" "" "" "" "" ""
observe "2024-09-11 11:01:04.911" 584.4248781640642 -201989.1260681718 -161206.41259913 -231478.8687281992 55.108458927935075 31.568012457992708 -107.18890405248577
slew "2024-09-11 11:10:49.336" 357.3931772092162 "" "" "" "" "" ""
observe "2024-09-11 11:16:46.729" 472.90533459427553 -212461.19890320863 -147631.94300499465 -231213.81106100764 41.018847175264305 1.5103980713443672 -97.2634893025635
slew "2024-09-11 11:24:39.634" 66.25913851774375 "" "" "" "" "" ""
observe "2024-09-11 11:25:45.894" 480.10178369989836 -218048.60686949012 -139550.34745475207 -231061.19446673398 45.22004203604114 -2.4615782194355678 -94.1626940100043
slew "2024-09-11 11:33:45.995" 322.260828275798 "" "" "" "" "" ""
observe "2024-09-11 11:39:08.256" 584.4248781640642 -225791.87219525073 -127134.6319405673 -230832.89390543094 54.60246395505786 25.46629738784264 -105.51947480416885
slew "2024-09-11 11:48:52.681" 32.73550328270291 "" "" "" "" "" ""
observe "2024-09-11 11:49:25.417" 584.4248781640642 -231268.03893330385 -117289.61681845042 -230656.32831837967 51.83523339796859 27.30975696112139 -107.67132407617947
slew "2024-09-11 11:59:09.841" 247.71442882431205 "" "" "" "" "" ""
observe "2024-09-11 12:03:17.556" 486.15343489419996 -237970.01036285903 -103644.14036017108 -230416.93650637212 48.53578391310462 4.969554252994564 -98.43188480160677
slew "2024-09-11 12:11:23.709" 183.18638111039553 "" "" "" "" "" ""
observe "2024-09-11 12:14:26.896" 584.4248781640642 -242777.46757222607 -92387.44361450522 -230223.2787434199 51.64538325729731 21.281561643174676 -105.39791356876485
slew "2024-09-11 12:24:11.321" 147.96746133919262 "" "" "" "" "" ""
observe "2024-09-11 12:26:39.288" 500.3861697233204 -247427.03851825467 -79814.92602056995 -230010.25541734122 48.81647558422206 8.092511281525729 -100.10057639301098
slew "2024-09-11 12:34:59.674" 116.01157390298442 "" "" "" "" "" ""
observe "2024-09-11 12:36:55.686" 584.4248781640642 -250835.8974798201 -69050.29763071396 -229830.06195257878 51.62174186833757 18.294798876262448 -104.14466131012549
slew "2024-09-11 12:46:40.111" 33.899204069828706 "" "" "" "" "" ""
observe "2024-09-11 12:47:14.010" 584.4248781640642 -253784.5822845789 -58105.16027978112 -229648.472187318 48.876977543850515 20.078165522081523 -106.1676119291135
slew "2024-09-11 12:56:58.435" 53.00845629923341 "" "" "" "" "" ""
observe "2024-09-11 12:57:51.443" 573.6032256335202 -256324.04019479596 -46689.55396548914 -229460.39774662344 54.33817517522616 19.423766314844226 -103.46784729333226
slew "2024-09-11 13:07:25.046" 32.60216657347382 "" "" "" "" "" ""
observe "2024-09-11 13:07:57.649" 573.6032256335202 -258262.44898036474 -35729.3505070913 -229280.7160309622 54.44233812607509 22.436561766854325 -104.53487683491885
slew "2024-09-11 13:17:31.252" 410.66828173330873 "" "" "" "" "" ""
observe "2024-09-11 13:24:21.920" 449.99688484865203 -260409.22742471422 -17770.07785499165 -228987.27113126658 37.982584951862634 -10.344971596335911 -87.38687653378425
slew "2024-09-11 13:31:51.917" 296.8656827617717 "" "" "" "" "" ""
observe "2024-09-11 13:36:48.783" 500.3861697233204 -261204.86286123542 -4053.031121648293 -228763.20131050795 46.39949736674414 13.004514273409587 -103.54252266121439
slew "2024-09-11 13:45:09.169" 51.7810467684232 "" "" "" "" "" ""
observe "2024-09-11 13:46:00.950" 584.4248781640644 -261328.24956107332 6113.036185822979 -228596.764686919 48.92685865246261 17.121306948855437 -104.7286865686888
slew "2024-09-11 13:55:45.375" 34.134265765271785 "" "" "" "" "" ""
observe "2024-09-11 13:56:19.509" 584.4248781640642 -260996.11486435554 17505.345969958333 -228409.53097992807 51.64298625363395 15.328438847395628 -102.83026592491849
slew "2024-09-11 14:06:03.934" 33.7027681604306 "" "" "" "" "" ""
observe "2024-09-11 14:06:37.637" 584.4248781640644 -260167.59393261955 28872.899304292045 -228221.600094609 51.581331268991164 12.306531453813928 -101.47052585658298
